0 258 0 1 -1
0 259 0 2 -1
0 260 0 3 -1
0 60 0 4 -1
0 62 0 5 -1
0 10 -1 6 -1
0 11 -1 7 -1
0 12 -1 8 -1
0 14 -1 9 -1
0 16 -1 10 -1
0 17 -1 11 -1
0 19 -1 12 -1
1 -1 1 8 1
2 258 0 13 -1
2 20 -1 14 -1
3 258 0 15 -1
3 18 -1 16 -1
4 258 0 15 -1
4 18 -1 17 -1
5 258 0 15 -1
5 18 -1 18 -1
6 0 0 19 -1
6 124 0 20 -1
7 -1 1 1 1
8 258 0 21 -1
8 259 0 2 -1
8 260 0 3 -1
8 60 0 4 -1
8 62 0 5 -1
8 15 -1 22 -1
8 16 -1 23 -1
8 17 -1 11 -1
8 19 -1 12 -1
8 -1 1 7 1
9 258 0 24 -1
9 259 0 2 -1
9 260 0 3 -1
9 60 0 4 -1
9 62 0 5 -1
9 13 -1 25 -1
9 16 -1 26 -1
9 17 -1 11 -1
9 19 -1 12 -1
9 -1 1 5 1
10 -1 1 10 1
11 -1 1 16 1
12 -1 1 17 1
13 -1 1 23 1
14 -1 1 22 2
15 -1 1 21 1
16 -1 1 20 2
17 -1 1 18 2
18 -1 1 19 2
19 -1 2 -1 -1
20 258 0 1 -1
20 259 0 2 -1
20 260 0 3 -1
20 60 0 4 -1
20 62 0 5 -1
20 11 -1 27 -1
20 12 -1 8 -1
20 14 -1 9 -1
20 16 -1 10 -1
20 17 -1 11 -1
20 19 -1 12 -1
21 -1 1 14 1
22 258 0 28 -1
22 259 0 2 -1
22 260 0 3 -1
22 60 0 4 -1
22 62 0 5 -1
22 16 -1 29 -1
22 17 -1 11 -1
22 19 -1 12 -1
22 -1 1 6 2
23 -1 1 12 1
24 -1 1 9 1
25 258 0 21 -1
25 259 0 2 -1
25 260 0 3 -1
25 60 0 4 -1
25 62 0 5 -1
25 15 -1 30 -1
25 16 -1 23 -1
25 17 -1 11 -1
25 19 -1 12 -1
25 -1 1 4 2
26 -1 1 11 2
27 -1 1 2 3
28 -1 1 15 2
29 -1 1 13 2
30 258 0 28 -1
30 259 0 2 -1
30 260 0 3 -1
30 60 0 4 -1
30 62 0 5 -1
30 16 -1 29 -1
30 17 -1 11 -1
30 19 -1 12 -1
30 -1 1 3 3
